Time: 72000
Collisions: 516, Walls: 0, Out of Bounds: 0

Scene: Fourway
Method: DevRules
Congestion: Low

-10 Performance: 0.99136570, 0.99235470, 0.98716680, 0.99129300
 -9 Performance: 0.99020730, 0.99130270, 0.99208460, 0.99106850
 -8 Performance: 0.99128840, 0.99213150, 0.98764660, 0.99050060
 -7 Performance: 0.98934020, 0.99088720, 0.99074410, 0.99180670
 -6 Performance: 0.98811540, 0.99074120, 0.99080510, 0.99301420
 -5 Performance: 0.98954110, 0.99217760, 0.99334260, 0.99386980
 -4 Performance: 0.99305370, 0.99265720, 0.98885030, 0.99142830
 -3 Performance: 0.98650450, 0.99130190, 0.99137650, 0.99230470
 -2 Performance: 0.98777490, 0.98975990, 0.99490480, 0.99251310
 -1 Performance: 0.98959960, 0.99068870, 0.99213970, 0.99130610
  0 Performance: 0.99313840, 0.99326510, 0.98860630, 0.98942510
  1 Performance: 0.98863140, 0.99130230, 0.99021470, 0.98904090
  2 Performance: 0.98930340, 0.99212750, 0.98849460, 0.98784270
  3 Performance: 0.99164500, 0.99178760, 0.98416890, 0.98528640
  4 Performance: 0.98972020, 0.99159720, 0.98864860, 0.98957130
  5 Performance: 0.99043810, 0.99238220, 0.98927180, 0.98890490
  6 Performance: 0.99008350, 0.99120830, 0.98207060, 0.98523900
  7 Performance: 0.99228370, 0.99224840, 0.98771970, 0.98717300
  8 Performance: 0.98930490, 0.99091890, 0.98169180, 0.98638220
  9 Performance: 0.99228820, 0.99299510, 0.97904030, 0.98311810

Time: 72000
Collisions: 24, Walls: 71, Out of Bounds: 0

Scene: Fourway
Method: Gradient
Congestion: Low

-10 Performance: 1.00561500, 1.00666900, 1.04207000, 1.04194400
 -9 Performance: 1.00547900, 1.00670000, 1.03992400, 1.03682100
 -8 Performance: 1.00552800, 1.00659500, 1.03138200, 1.03378200
 -7 Performance: 1.00553700, 1.00657600, 1.03158300, 1.03051200
 -6 Performance: 1.00552800, 1.00649900, 1.02598400, 1.02521800
 -5 Performance: 1.00554600, 1.00651700, 1.02106500, 1.02441700
 -4 Performance: 1.00554600, 1.00634300, 1.02185500, 1.02295700
 -3 Performance: 1.00557300, 1.00638100, 1.02052800, 1.02007900
 -2 Performance: 1.00555600, 1.00639900, 1.01943500, 1.01725900
 -1 Performance: 1.00577600, 1.00651200, 1.01752900, 1.01714400
  0 Performance: 1.00559000, 1.00631500, 1.01571500, 1.01667600
  1 Performance: 1.00555700, 1.00632300, 1.01771900, 1.01520900
  2 Performance: 1.00572400, 1.00636600, 1.01468400, 1.01702800
  3 Performance: 1.00549200, 1.00642400, 1.01535000, 1.01441400
  4 Performance: 1.00556800, 1.00649800, 1.01658300, 1.01555700
  5 Performance: 1.00555500, 1.00657300, 1.01124200, 1.01168300
  6 Performance: 1.00580300, 1.00664600, 1.01113500, 1.01123000
  7 Performance: 1.00554600, 1.00645600, 1.01164800, 1.01143100
  8 Performance: 1.00544000, 1.00658800, 1.01105300, 1.01349900
  9 Performance: 1.00549900, 1.00661400, 1.01264500, 1.01128900

Time: 72000
Collisions: 692, Walls: 0, Out of Bounds: 0

Scene: Threeway
Method: DevRules
Congestion: Low

-10 Performance: 0.99977930, 0.99880060, 0.98015530, 0.98384650
 -9 Performance: 0.99915370, 0.99918270, 0.98449590, 0.98514520
 -8 Performance: 0.99854410, 0.99764030, 0.98292760, 0.98695650
 -7 Performance: 0.99875720, 0.99879620, 0.98581610, 0.98727870
 -6 Performance: 0.99833730, 0.99740170, 0.98916910, 0.99214160
 -5 Performance: 0.99687240, 0.99704770, 0.98688380, 0.98825830
 -4 Performance: 0.99778630, 0.99605490, 0.98746380, 0.99029960
 -3 Performance: 0.99569100, 0.99688260, 0.98470720, 0.98661350
 -2 Performance: 0.99702750, 0.99641620, 0.98958610, 0.98802020
 -1 Performance: 0.99661390, 0.99640910, 0.98899500, 0.98870740
  0 Performance: 0.99627660, 0.99586450, 0.98639910, 0.98816130
  1 Performance: 0.99360650, 0.99480790, 0.98650410, 0.98498480
  2 Performance: 0.99319210, 0.99618550, 0.98667500, 0.98742180
  3 Performance: 0.99511810, 0.99465450, 0.98115720, 0.98358580
  4 Performance: 0.99420390, 0.99478340, 0.98688010, 0.98929210
  5 Performance: 0.99394620, 0.99443820, 0.98879300, 0.98830680
  6 Performance: 0.99240430, 0.99351040, 0.98641650, 0.98936490
  7 Performance: 0.99170540, 0.99185590, 0.98453150, 0.98637600
  8 Performance: 0.98958480, 0.99256590, 0.98183000, 0.98649080
  9 Performance: 0.99163130, 0.99354110, 0.98408350, 0.98464890

Time: 72000
Collisions: 122, Walls: 142, Out of Bounds: 0

Scene: Threeway
Method: Gradient
Congestion: Low

-10 Performance: 1.00557900, 1.00660100, 1.03420800, 1.03420700
 -9 Performance: 1.00550100, 1.00648500, 1.03365000, 1.03094400
 -8 Performance: 1.00548000, 1.00632800, 1.02670100, 1.02981300
 -7 Performance: 1.00549000, 1.00607800, 1.02577500, 1.02513800
 -6 Performance: 1.00544300, 1.00594000, 1.02142100, 1.02138900
 -5 Performance: 1.00546600, 1.00598300, 1.01553800, 1.01966200
 -4 Performance: 1.00553300, 1.00624100, 1.01474400, 1.01649800
 -3 Performance: 1.00555600, 1.00603600, 1.01489200, 1.01496100
 -2 Performance: 1.00560300, 1.00600100, 1.01573500, 1.01412500
 -1 Performance: 1.00557000, 1.00646900, 1.01472200, 1.01451300
  0 Performance: 1.00551300, 1.00649500, 1.01221500, 1.01338900
  1 Performance: 1.00541300, 1.00639300, 1.01588200, 1.01340600
  2 Performance: 1.00550100, 1.00628500, 1.01235900, 1.01529400
  3 Performance: 1.00539400, 1.00626900, 1.01321800, 1.01282500
  4 Performance: 1.00538400, 1.00634700, 1.01404900, 1.01316300
  5 Performance: 1.00537200, 1.00630100, 1.00954300, 1.01031700
  6 Performance: 1.00535400, 1.00640600, 1.00970600, 1.01031200
  7 Performance: 1.00519200, 1.00646400, 1.01047500, 1.01030700
  8 Performance: 1.00504700, 1.00631500, 1.00982300, 1.01267400
  9 Performance: 1.00530400, 1.00645600, 1.01158200, 1.01056700

Time: 72000
Collisions: 1993, Walls: 0, Out of Bounds: 0

Scene: Twoway
Method: DevRules
Congestion: Low

-10 Performance: 0.00000000, 0.00000000, 0.95499490, 0.96262400
 -9 Performance: 0.00000000, 0.00000000, 0.95686870, 0.96219560
 -8 Performance: 0.00000000, 0.00000000, 0.95742800, 0.96510890
 -7 Performance: 0.00000000, 0.00000000, 0.95638250, 0.96181830
 -6 Performance: 0.00000000, 0.00000000, 0.95960020, 0.96633120
 -5 Performance: 0.00000000, 0.00000000, 0.96130440, 0.96660370
 -4 Performance: 0.00000000, 0.00000000, 0.97141800, 0.97771530
 -3 Performance: 0.00000000, 0.00000000, 0.97020440, 0.97439310
 -2 Performance: 0.00000000, 0.00000000, 0.97659860, 0.97796310
 -1 Performance: 0.00000000, 0.00000000, 0.97838880, 0.98072360
  0 Performance: 0.00000000, 0.00000000, 0.97974850, 0.98324410
  1 Performance: 0.00000000, 0.00000000, 0.98358330, 0.98547060
  2 Performance: 0.00000000, 0.00000000, 0.98230370, 0.98489560
  3 Performance: 0.00000000, 0.00000000, 0.98436270, 0.98690650
  4 Performance: 0.00000000, 0.00000000, 0.98738730, 0.99083070
  5 Performance: 0.00000000, 0.00000000, 0.99059160, 0.99128940
  6 Performance: 0.00000000, 0.00000000, 0.99140410, 0.99494330
  7 Performance: 0.00000000, 0.00000000, 0.99275510, 0.99347010
  8 Performance: 0.00000000, 0.00000000, 0.99060470, 0.99532000
  9 Performance: 0.00000000, 0.00000000, 0.99290830, 0.99369670

Time: 72000
Collisions: 3482, Walls: 832, Out of Bounds: 0

Scene: Twoway
Method: Gradient
Congestion: Low

-10 Performance: 0.00000000, 0.00000000, 1.01411200, 1.01601000
 -9 Performance: 0.00000000, 0.00000000, 1.01721800, 1.01691400
 -8 Performance: 0.00000000, 0.00000000, 1.00878000, 1.01381600
 -7 Performance: 0.00000000, 0.00000000, 1.00635800, 1.00802000
 -6 Performance: 0.00000000, 0.00000000, 1.00037200, 1.00277300
 -5 Performance: 0.00000000, 0.00000000, 0.99459610, 1.00021200
 -4 Performance: 0.00000000, 0.00000000, 0.99569380, 0.99908230
 -3 Performance: 0.00000000, 0.00000000, 0.99662290, 0.99809060
 -2 Performance: 0.00000000, 0.00000000, 0.99911100, 0.99855100
 -1 Performance: 0.00000000, 0.00000000, 1.00116400, 1.00195700
  0 Performance: 0.00000000, 0.00000000, 0.99983630, 1.00177400
  1 Performance: 0.00000000, 0.00000000, 1.00363700, 1.00251400
  2 Performance: 0.00000000, 0.00000000, 1.00328600, 1.00688700
  3 Performance: 0.00000000, 0.00000000, 1.00642700, 1.00626000
  4 Performance: 0.00000000, 0.00000000, 1.00816200, 1.00790800
  5 Performance: 0.00000000, 0.00000000, 1.00530400, 1.00693200
  6 Performance: 0.00000000, 0.00000000, 1.00676100, 1.00800400
  7 Performance: 0.00000000, 0.00000000, 1.00732900, 1.00820900
  8 Performance: 0.00000000, 0.00000000, 1.00723700, 1.01110400
  9 Performance: 0.00000000, 0.00000000, 1.00921600, 1.00932300

Time: 72000
Collisions: 803, Walls: 0, Out of Bounds: 0

Scene: Gauntlet
Method: DevRules
Congestion: Low

-10 Performance: 0.99756790, 0.99669730, 0.00000000, 0.00000000
 -9 Performance: 0.99778720, 0.99802620, 0.00000000, 0.00000000
 -8 Performance: 0.99771820, 0.99720030, 0.00000000, 0.00000000
 -7 Performance: 0.99821860, 0.99830100, 0.00000000, 0.00000000
 -6 Performance: 0.99754190, 0.99657110, 0.00000000, 0.00000000
 -5 Performance: 0.99650680, 0.99658110, 0.00000000, 0.00000000
 -4 Performance: 0.99770680, 0.99575460, 0.00000000, 0.00000000
 -3 Performance: 0.99538690, 0.99646760, 0.00000000, 0.00000000
 -2 Performance: 0.99532180, 0.99435540, 0.00000000, 0.00000000
 -1 Performance: 0.99631390, 0.99535360, 0.00000000, 0.00000000
  0 Performance: 0.99591680, 0.99506210, 0.00000000, 0.00000000
  1 Performance: 0.99590020, 0.99493300, 0.00000000, 0.00000000
  2 Performance: 0.99497470, 0.99616550, 0.00000000, 0.00000000
  3 Performance: 0.99749400, 0.99577960, 0.00000000, 0.00000000
  4 Performance: 0.99637410, 0.99641330, 0.00000000, 0.00000000
  5 Performance: 0.99718960, 0.99624490, 0.00000000, 0.00000000
  6 Performance: 0.99747360, 0.99774980, 0.00000000, 0.00000000
  7 Performance: 0.99794030, 0.99706560, 0.00000000, 0.00000000
  8 Performance: 0.99791690, 0.99809090, 0.00000000, 0.00000000
  9 Performance: 0.99835740, 0.99740410, 0.00000000, 0.00000000

Time: 72000
Collisions: 0, Walls: 0, Out of Bounds: 0

Scene: Gauntlet
Method: Gradient
Congestion: Low

-10 Performance: 1.00549800, 1.00666900, 0.00000000, 0.00000000
 -9 Performance: 1.00532100, 1.00645300, 0.00000000, 0.00000000
 -8 Performance: 1.00531200, 1.00643700, 0.00000000, 0.00000000
 -7 Performance: 1.00527300, 1.00639000, 0.00000000, 0.00000000
 -6 Performance: 1.00530400, 1.00642900, 0.00000000, 0.00000000
 -5 Performance: 1.00525700, 1.00636900, 0.00000000, 0.00000000
 -4 Performance: 1.00532700, 1.00645500, 0.00000000, 0.00000000
 -3 Performance: 1.00529900, 1.00641500, 0.00000000, 0.00000000
 -2 Performance: 1.00529300, 1.00641800, 0.00000000, 0.00000000
 -1 Performance: 1.00531900, 1.00645000, 0.00000000, 0.00000000
  0 Performance: 1.00529700, 1.00642900, 0.00000000, 0.00000000
  1 Performance: 1.00527700, 1.00639500, 0.00000000, 0.00000000
  2 Performance: 1.00528500, 1.00641200, 0.00000000, 0.00000000
  3 Performance: 1.00528500, 1.00640300, 0.00000000, 0.00000000
  4 Performance: 1.00524600, 1.00636200, 0.00000000, 0.00000000
  5 Performance: 1.00532000, 1.00643800, 0.00000000, 0.00000000
  6 Performance: 1.00529300, 1.00642100, 0.00000000, 0.00000000
  7 Performance: 1.00532900, 1.00644900, 0.00000000, 0.00000000
  8 Performance: 1.00527900, 1.00640200, 0.00000000, 0.00000000
  9 Performance: 1.00540400, 1.00659500, 0.00000000, 0.00000000

Time: 72000
Collisions: 7797, Walls: 1, Out of Bounds: 0

Scene: Fourway
Method: DevRules
Congestion: Medium

-10 Performance: 0.96575950, 0.97310590, 0.97011150, 0.97588420
 -9 Performance: 0.96685820, 0.97570870, 0.97336450, 0.97613760
 -8 Performance: 0.96857550, 0.97593240, 0.96866490, 0.97588980
 -7 Performance: 0.96751360, 0.97666940, 0.96886200, 0.97372310
 -6 Performance: 0.96739270, 0.97642680, 0.96917160, 0.97623700
 -5 Performance: 0.96757300, 0.97729380, 0.96983030, 0.97568710
 -4 Performance: 0.96999800, 0.97704830, 0.96862020, 0.97633980
 -3 Performance: 0.96989080, 0.97963760, 0.96607580, 0.97316190
 -2 Performance: 0.96926550, 0.97831890, 0.96884540, 0.97206590
 -1 Performance: 0.97018470, 0.97790970, 0.96591000, 0.97176190
  0 Performance: 0.97099890, 0.97831220, 0.96266690, 0.97029290
  1 Performance: 0.96925640, 0.97707620, 0.96461190, 0.96930830
  2 Performance: 0.96948080, 0.97933040, 0.96186130, 0.96778320
  3 Performance: 0.97229150, 0.97781870, 0.95738290, 0.96542480
  4 Performance: 0.96817370, 0.97724290, 0.95969750, 0.96795650
  5 Performance: 0.96847260, 0.97569910, 0.95925950, 0.96498400
  6 Performance: 0.96772790, 0.97604100, 0.95525690, 0.96524100
  7 Performance: 0.96643990, 0.97464470, 0.95722970, 0.96300040
  8 Performance: 0.96517440, 0.97574340, 0.95107680, 0.96162740
  9 Performance: 0.96657460, 0.97414620, 0.95351830, 0.96028810

Time: 72000.02
Collisions: 2333, Walls: 401, Out of Bounds: 0

Scene: Fourway
Method: Gradient
Congestion: Medium

-10 Performance: 1.00216400, 1.00389600, 1.02715600, 1.02815900
 -9 Performance: 1.00224100, 1.00377700, 1.02832600, 1.02732800
 -8 Performance: 1.00236100, 1.00356900, 1.01869500, 1.02354100
 -7 Performance: 1.00258300, 1.00355400, 1.01684200, 1.01821700
 -6 Performance: 1.00272700, 1.00338100, 1.01320600, 1.01533000
 -5 Performance: 1.00295200, 1.00329400, 1.00834200, 1.01453500
 -4 Performance: 1.00265000, 1.00296900, 1.00908000, 1.01351700
 -3 Performance: 1.00263100, 1.00289600, 1.00988100, 1.01243300
 -2 Performance: 1.00292600, 1.00324600, 1.00894200, 1.00998800
 -1 Performance: 1.00297300, 1.00311700, 1.00793600, 1.01068100
  0 Performance: 1.00301400, 1.00302800, 1.00617300, 1.01016600
  1 Performance: 1.00293100, 1.00312700, 1.00766100, 1.00888400
  2 Performance: 1.00259700, 1.00308800, 1.00464200, 1.01000300
  3 Performance: 1.00269600, 1.00326000, 1.00626800, 1.00839400
  4 Performance: 1.00276900, 1.00338900, 1.00648100, 1.00848000
  5 Performance: 1.00273800, 1.00342500, 1.00201400, 1.00500300
  6 Performance: 1.00244800, 1.00343600, 1.00106300, 1.00389100
  7 Performance: 1.00254200, 1.00375100, 1.00124200, 1.00376700
  8 Performance: 1.00217700, 1.00383800, 1.00078800, 1.00547200
  9 Performance: 1.00204100, 1.00407700, 1.00207200, 1.00275500

Time: 72000
Collisions: 10945, Walls: 10, Out of Bounds: 0

Scene: Threeway
Method: DevRules
Congestion: Medium

-10 Performance: 0.99393000, 0.99458030, 0.94945320, 0.95936050
 -9 Performance: 0.99192630, 0.99398050, 0.95438530, 0.96133450
 -8 Performance: 0.99131580, 0.99280930, 0.95060250, 0.96130300
 -7 Performance: 0.99081060, 0.99407710, 0.95231700, 0.96165070
 -6 Performance: 0.98800470, 0.99148040, 0.95326740, 0.96441270
 -5 Performance: 0.98660790, 0.99128170, 0.95074340, 0.96093980
 -4 Performance: 0.98757120, 0.99053390, 0.95404520, 0.96630420
 -3 Performance: 0.98423340, 0.99067160, 0.95269270, 0.96347560
 -2 Performance: 0.98272360, 0.98755320, 0.95458380, 0.96330620
 -1 Performance: 0.98019580, 0.98706150, 0.95290820, 0.96221640
  0 Performance: 0.98031560, 0.98792340, 0.94825460, 0.95972300
  1 Performance: 0.97871740, 0.98635910, 0.95320330, 0.96121410
  2 Performance: 0.97689000, 0.98719500, 0.94947860, 0.95935220
  3 Performance: 0.97664400, 0.98426360, 0.94707360, 0.95912020
  4 Performance: 0.97378330, 0.98322550, 0.95026620, 0.96124180
  5 Performance: 0.96984170, 0.97997980, 0.95201390, 0.95962510
  6 Performance: 0.96855520, 0.97927140, 0.94963470, 0.96105410
  7 Performance: 0.96912370, 0.97822650, 0.95020650, 0.95906200
  8 Performance: 0.96728740, 0.97733800, 0.94597790, 0.95793760
  9 Performance: 0.96699940, 0.97709510, 0.94897120, 0.95745130

Time: 72000.01
Collisions: 8880, Walls: 718, Out of Bounds: 0

Scene: Threeway
Method: Gradient
Congestion: Medium

-10 Performance: 1.00331300, 1.00451500, 1.01494500, 1.01795300
 -9 Performance: 1.00308300, 1.00382900, 1.01754400, 1.01839200
 -8 Performance: 1.00284200, 1.00302800, 1.00998200, 1.01667300
 -7 Performance: 1.00284600, 1.00280100, 1.00564300, 1.00980200
 -6 Performance: 1.00278300, 1.00244300, 1.00404500, 1.00777200
 -5 Performance: 1.00275700, 1.00229500, 0.99893760, 1.00649500
 -4 Performance: 1.00282300, 1.00228900, 1.00007800, 1.00546000
 -3 Performance: 1.00279700, 1.00238700, 1.00263200, 1.00624100
 -2 Performance: 1.00278500, 1.00232000, 1.00146400, 1.00325800
 -1 Performance: 1.00266300, 1.00231600, 1.00056800, 1.00400100
  0 Performance: 1.00267300, 1.00253300, 0.99923320, 1.00474300
  1 Performance: 1.00248900, 1.00265300, 1.00240000, 1.00337700
  2 Performance: 1.00236400, 1.00258000, 0.99963050, 1.00597500
  3 Performance: 1.00238500, 1.00265400, 1.00068100, 1.00361600
  4 Performance: 1.00214300, 1.00279900, 1.00198700, 1.00451100
  5 Performance: 1.00203000, 1.00303300, 0.99778670, 1.00185700
  6 Performance: 1.00179400, 1.00303900, 0.99794180, 1.00147300
  7 Performance: 1.00147100, 1.00314200, 0.99760840, 1.00070600
  8 Performance: 1.00021200, 1.00301600, 0.99712970, 1.00300700
  9 Performance: 1.00043000, 1.00284800, 0.99805670, 1.00010800

Time: 72000
Collisions: 31200, Walls: 8, Out of Bounds: 0

Scene: Twoway
Method: DevRules
Congestion: Medium

-10 Performance: 0.00000000, 0.00000000, 0.91738300, 0.94603110
 -9 Performance: 0.00000000, 0.00000000, 0.91181150, 0.94030400
 -8 Performance: 0.00000000, 0.00000000, 0.89518000, 0.92898260
 -7 Performance: 0.00000000, 0.00000000, 0.88662800, 0.92199030
 -6 Performance: 0.00000000, 0.00000000, 0.88481020, 0.92308330
 -5 Performance: 0.00000000, 0.00000000, 0.88324050, 0.92350600
 -4 Performance: 0.00000000, 0.00000000, 0.88678590, 0.92851760
 -3 Performance: 0.00000000, 0.00000000, 0.89071470, 0.93075250
 -2 Performance: 0.00000000, 0.00000000, 0.89762140, 0.93415460
 -1 Performance: 0.00000000, 0.00000000, 0.89849060, 0.93725220
  0 Performance: 0.00000000, 0.00000000, 0.90067450, 0.93974400
  1 Performance: 0.00000000, 0.00000000, 0.90956400, 0.94392200
  2 Performance: 0.00000000, 0.00000000, 0.91099370, 0.94592820
  3 Performance: 0.00000000, 0.00000000, 0.91426650, 0.94902840
  4 Performance: 0.00000000, 0.00000000, 0.92216170, 0.95666890
  5 Performance: 0.00000000, 0.00000000, 0.93204000, 0.96063070
  6 Performance: 0.00000000, 0.00000000, 0.93682380, 0.96769490
  7 Performance: 0.00000000, 0.00000000, 0.94368360, 0.96987190
  8 Performance: 0.00000000, 0.00000000, 0.94920130, 0.97544290
  9 Performance: 0.00000000, 0.00000000, 0.95441090, 0.97495560

Time: 72000.02
Collisions: 149869, Walls: 6459, Out of Bounds: 0

Scene: Twoway
Method: Gradient
Congestion: Medium

-10 Performance: 0.00000000, 0.00000000, 1.00667800, 1.01791700
 -9 Performance: 0.00000000, 0.00000000, 1.00492400, 1.01207300
 -8 Performance: 0.00000000, 0.00000000, 0.99686020, 1.00824900
 -7 Performance: 0.00000000, 0.00000000, 0.99605640, 1.00289400
 -6 Performance: 0.00000000, 0.00000000, 0.99384630, 1.00007200
 -5 Performance: 0.00000000, 0.00000000, 0.99014900, 0.99984600
 -4 Performance: 0.00000000, 0.00000000, 0.99053140, 0.99766740
 -3 Performance: 0.00000000, 0.00000000, 0.99046590, 0.99536480
 -2 Performance: 0.00000000, 0.00000000, 0.99090090, 0.99380180
 -1 Performance: 0.00000000, 0.00000000, 0.98979520, 0.99399050
  0 Performance: 0.00000000, 0.00000000, 0.98846230, 0.99384240
  1 Performance: 0.00000000, 0.00000000, 0.99053320, 0.99298500
  2 Performance: 0.00000000, 0.00000000, 0.98796770, 0.99538000
  3 Performance: 0.00000000, 0.00000000, 0.99017140, 0.99439730
  4 Performance: 0.00000000, 0.00000000, 0.99166220, 0.99568490
  5 Performance: 0.00000000, 0.00000000, 0.98806030, 0.99313000
  6 Performance: 0.00000000, 0.00000000, 0.98907110, 0.99414220
  7 Performance: 0.00000000, 0.00000000, 0.99018040, 0.99547830
  8 Performance: 0.00000000, 0.00000000, 0.98995480, 0.99904630
  9 Performance: 0.00000000, 0.00000000, 0.99148880, 0.99720450

Time: 72000
Collisions: 14135, Walls: 19, Out of Bounds: 0

Scene: Gauntlet
Method: DevRules
Congestion: Medium

-10 Performance: 0.98914020, 0.99166450, 0.00000000, 0.00000000
 -9 Performance: 0.98887010, 0.99294170, 0.00000000, 0.00000000
 -8 Performance: 0.98664490, 0.99137020, 0.00000000, 0.00000000
 -7 Performance: 0.98611180, 0.99215420, 0.00000000, 0.00000000
 -6 Performance: 0.98395870, 0.99013260, 0.00000000, 0.00000000
 -5 Performance: 0.98168840, 0.98909380, 0.00000000, 0.00000000
 -4 Performance: 0.98142440, 0.98746050, 0.00000000, 0.00000000
 -3 Performance: 0.97908610, 0.98797740, 0.00000000, 0.00000000
 -2 Performance: 0.97861550, 0.98590210, 0.00000000, 0.00000000
 -1 Performance: 0.97843800, 0.98584350, 0.00000000, 0.00000000
  0 Performance: 0.97837590, 0.98593250, 0.00000000, 0.00000000
  1 Performance: 0.97836110, 0.98605030, 0.00000000, 0.00000000
  2 Performance: 0.97820490, 0.98755060, 0.00000000, 0.00000000
  3 Performance: 0.98148820, 0.98763140, 0.00000000, 0.00000000
  4 Performance: 0.98209830, 0.98967580, 0.00000000, 0.00000000
  5 Performance: 0.98390720, 0.99025140, 0.00000000, 0.00000000
  6 Performance: 0.98476670, 0.99199940, 0.00000000, 0.00000000
  7 Performance: 0.98652540, 0.99131640, 0.00000000, 0.00000000
  8 Performance: 0.98628040, 0.99187960, 0.00000000, 0.00000000
  9 Performance: 0.98812600, 0.99182410, 0.00000000, 0.00000000

Time: 72000.01
Collisions: 27, Walls: 0, Out of Bounds: 0

Scene: Gauntlet
Method: Gradient
Congestion: Medium

-10 Performance: 1.00285100, 1.00435100, 0.00000000, 0.00000000
 -9 Performance: 1.00258200, 1.00384600, 0.00000000, 0.00000000
 -8 Performance: 1.00243800, 1.00360400, 0.00000000, 0.00000000
 -7 Performance: 1.00239600, 1.00353800, 0.00000000, 0.00000000
 -6 Performance: 1.00234200, 1.00356100, 0.00000000, 0.00000000
 -5 Performance: 1.00222900, 1.00352000, 0.00000000, 0.00000000
 -4 Performance: 1.00226100, 1.00341500, 0.00000000, 0.00000000
 -3 Performance: 1.00220700, 1.00342800, 0.00000000, 0.00000000
 -2 Performance: 1.00232900, 1.00352100, 0.00000000, 0.00000000
 -1 Performance: 1.00214600, 1.00345600, 0.00000000, 0.00000000
  0 Performance: 1.00221900, 1.00347800, 0.00000000, 0.00000000
  1 Performance: 1.00221800, 1.00346400, 0.00000000, 0.00000000
  2 Performance: 1.00220200, 1.00333600, 0.00000000, 0.00000000
  3 Performance: 1.00220200, 1.00340800, 0.00000000, 0.00000000
  4 Performance: 1.00229600, 1.00343800, 0.00000000, 0.00000000
  5 Performance: 1.00223000, 1.00348300, 0.00000000, 0.00000000
  6 Performance: 1.00234100, 1.00355000, 0.00000000, 0.00000000
  7 Performance: 1.00242100, 1.00360900, 0.00000000, 0.00000000
  8 Performance: 1.00263300, 1.00394700, 0.00000000, 0.00000000
  9 Performance: 1.00287600, 1.00439600, 0.00000000, 0.00000000

Time: 72000
Collisions: 124743, Walls: 50, Out of Bounds: 0

Scene: Fourway
Method: DevRules
Congestion: High

-10 Performance: 0.92334060, 0.95392610, 0.92754010, 0.94613530
 -9 Performance: 0.92322550, 0.95515670, 0.92692130, 0.94539390
 -8 Performance: 0.91955420, 0.95356560, 0.91972440, 0.94332250
 -7 Performance: 0.91940720, 0.95471660, 0.91779310, 0.94285230
 -6 Performance: 0.91898420, 0.95518740, 0.91552650, 0.94445520
 -5 Performance: 0.91848610, 0.95601480, 0.91343710, 0.94191410
 -4 Performance: 0.92094280, 0.95660280, 0.90997690, 0.94190460
 -3 Performance: 0.91853680, 0.95748070, 0.90736370, 0.94033550
 -2 Performance: 0.92073640, 0.95725850, 0.90797990, 0.93892570
 -1 Performance: 0.92097540, 0.95727050, 0.90043750, 0.93557040
  0 Performance: 0.92024080, 0.95795950, 0.89702340, 0.93331650
  1 Performance: 0.91803490, 0.95594220, 0.89757670, 0.93203470
  2 Performance: 0.91811470, 0.95751400, 0.89416070, 0.92974500
  3 Performance: 0.92066970, 0.95630010, 0.89350210, 0.93001000
  4 Performance: 0.91908380, 0.95570220, 0.89223370, 0.92985560
  5 Performance: 0.91978370, 0.95465730, 0.89212650, 0.92745180
  6 Performance: 0.92052240, 0.95646890, 0.88878350, 0.92677040
  7 Performance: 0.92148000, 0.95514730, 0.88775680, 0.92398490
  8 Performance: 0.92255200, 0.95448240, 0.88675600, 0.92397220
  9 Performance: 0.92456410, 0.95378120, 0.88923290, 0.92256870

Time: 72000.04
Collisions: 104225, Walls: 2971, Out of Bounds: 0

Scene: Fourway
Method: Gradient
Congestion: High

-10 Performance: 0.99290590, 0.99834250, 1.01039800, 1.02056500
 -9 Performance: 0.99362310, 0.99850030, 1.01105100, 1.01805700
 -8 Performance: 0.99438380, 0.99840720, 1.00167000, 1.01370600
 -7 Performance: 0.99532470, 0.99816860, 1.00040400, 1.00885600
 -6 Performance: 0.99548430, 0.99790050, 0.99600300, 1.00544300
 -5 Performance: 0.99576840, 0.99769310, 0.99226990, 1.00514800
 -4 Performance: 0.99560730, 0.99734520, 0.99277110, 1.00358200
 -3 Performance: 0.99599400, 0.99726210, 0.99291690, 1.00194500
 -2 Performance: 0.99570510, 0.99705370, 0.99138310, 0.99873370
 -1 Performance: 0.99564580, 0.99713110, 0.98876640, 0.99830490
  0 Performance: 0.99563240, 0.99710510, 0.98629540, 0.99755840
  1 Performance: 0.99570760, 0.99726340, 0.98845030, 0.99604220
  2 Performance: 0.99575110, 0.99743250, 0.98508660, 0.99789710
  3 Performance: 0.99602500, 0.99740380, 0.98542650, 0.99490040
  4 Performance: 0.99576550, 0.99753590, 0.98615200, 0.99533990
  5 Performance: 0.99559400, 0.99779780, 0.98215930, 0.99214500
  6 Performance: 0.99491310, 0.99815730, 0.98226240, 0.99187460
  7 Performance: 0.99462350, 0.99853840, 0.98209170, 0.99158550
  8 Performance: 0.99344790, 0.99849250, 0.98145260, 0.99363980
  9 Performance: 0.99250200, 0.99805490, 0.98327160, 0.99167310

Time: 72000
Collisions: 183408, Walls: 136, Out of Bounds: 0

Scene: Threeway
Method: DevRules
Congestion: High

-10 Performance: 0.96950080, 0.98668330, 0.89983760, 0.93908700
 -9 Performance: 0.96713970, 0.98713920, 0.89498840, 0.93501220
 -8 Performance: 0.96299270, 0.98548560, 0.87839850, 0.92926200
 -7 Performance: 0.95742160, 0.98464050, 0.87359860, 0.92753860
 -6 Performance: 0.94984920, 0.98083420, 0.87051670, 0.93076470
 -5 Performance: 0.94256710, 0.97819350, 0.86691710, 0.92855250
 -4 Performance: 0.93785360, 0.97571930, 0.86298190, 0.92847710
 -3 Performance: 0.92992430, 0.97414350, 0.85947920, 0.92697230
 -2 Performance: 0.92514000, 0.97153070, 0.86075350, 0.92491340
 -1 Performance: 0.92090000, 0.97059020, 0.85504630, 0.92271660
  0 Performance: 0.91489820, 0.96828100, 0.85253520, 0.92181550
  1 Performance: 0.91158270, 0.96728910, 0.85275460, 0.91920380
  2 Performance: 0.90512220, 0.96564320, 0.85000040, 0.91758710
  3 Performance: 0.90105600, 0.96208890, 0.84827170, 0.91495050
  4 Performance: 0.89817470, 0.96056850, 0.85218760, 0.91669660
  5 Performance: 0.89764020, 0.95947720, 0.85374730, 0.91410190
  6 Performance: 0.89805510, 0.96006050, 0.85473660, 0.91651260
  7 Performance: 0.89862460, 0.95845510, 0.85806410, 0.91593490
  8 Performance: 0.90124960, 0.95804490, 0.85931710, 0.91619940
  9 Performance: 0.90208680, 0.95730970, 0.86323170, 0.91584890

Time: 72000.03
Collisions: 296429, Walls: 8548, Out of Bounds: 0

Scene: Threeway
Method: Gradient
Congestion: High

-10 Performance: 0.99890740, 1.00033800, 1.00717900, 1.02298400
 -9 Performance: 0.99849840, 0.99919110, 1.00467200, 1.01629500
 -8 Performance: 0.99805330, 0.99825890, 0.99615510, 1.01215900
 -7 Performance: 0.99742270, 0.99748260, 0.99471540, 1.00672200
 -6 Performance: 0.99709360, 0.99711290, 0.99129470, 1.00346600
 -5 Performance: 0.99681010, 0.99672220, 0.98616650, 1.00232300
 -4 Performance: 0.99665830, 0.99668180, 0.98667780, 1.00046000
 -3 Performance: 0.99628260, 0.99645650, 0.98609250, 0.99830000
 -2 Performance: 0.99602630, 0.99647860, 0.98351910, 0.99435290
 -1 Performance: 0.99558140, 0.99651530, 0.98151810, 0.99398010
  0 Performance: 0.99513390, 0.99631410, 0.97866330, 0.99282940
  1 Performance: 0.99496770, 0.99660520, 0.98008890, 0.99090270
  2 Performance: 0.99433400, 0.99648860, 0.97589760, 0.99187070
  3 Performance: 0.99366200, 0.99644090, 0.97663050, 0.98942370
  4 Performance: 0.99304020, 0.99663900, 0.97769970, 0.98992070
  5 Performance: 0.99251890, 0.99683370, 0.97404930, 0.98737970
  6 Performance: 0.99151890, 0.99682730, 0.97420940, 0.98692830
  7 Performance: 0.99041010, 0.99705020, 0.97462740, 0.98686870
  8 Performance: 0.98919900, 0.99685960, 0.97404750, 0.98931100
  9 Performance: 0.98832090, 0.99648180, 0.97493030, 0.98764120

Time: 72000
Collisions: 278021, Walls: 1, Out of Bounds: 0

Scene: Twoway
Method: DevRules
Congestion: High

-10 Performance: 0.00000000, 0.00000000, 0.72413430, 0.91983270
 -9 Performance: 0.00000000, 0.00000000, 0.68425340, 0.91516840
 -8 Performance: 0.00000000, 0.00000000, 0.63992590, 0.91529800
 -7 Performance: 0.00000000, 0.00000000, 0.60272780, 0.91886310
 -6 Performance: 0.00000000, 0.00000000, 0.57303670, 0.92196300
 -5 Performance: 0.00000000, 0.00000000, 0.55307670, 0.92217000
 -4 Performance: 0.00000000, 0.00000000, 0.53383950, 0.92206790
 -3 Performance: 0.00000000, 0.00000000, 0.52187230, 0.92126700
 -2 Performance: 0.00000000, 0.00000000, 0.52005780, 0.92161710
 -1 Performance: 0.00000000, 0.00000000, 0.52186040, 0.92048980
  0 Performance: 0.00000000, 0.00000000, 0.51291310, 0.91574340
  1 Performance: 0.00000000, 0.00000000, 0.52958040, 0.91408490
  2 Performance: 0.00000000, 0.00000000, 0.53689680, 0.91510520
  3 Performance: 0.00000000, 0.00000000, 0.54691070, 0.91063540
  4 Performance: 0.00000000, 0.00000000, 0.57067250, 0.91481830
  5 Performance: 0.00000000, 0.00000000, 0.59205380, 0.91453550
  6 Performance: 0.00000000, 0.00000000, 0.61984540, 0.92159840
  7 Performance: 0.00000000, 0.00000000, 0.64203570, 0.92601940
  8 Performance: 0.00000000, 0.00000000, 0.66975460, 0.93265660
  9 Performance: 0.00000000, 0.00000000, 0.68977860, 0.93263780

Time: 72000.02
Collisions: 2339883, Walls: 54758, Out of Bounds: 0

Scene: Twoway
Method: Gradient
Congestion: High

-10 Performance: 0.00000000, 0.00000000, 1.00087800, 1.03478400
 -9 Performance: 0.00000000, 0.00000000, 0.98970100, 1.02136500
 -8 Performance: 0.00000000, 0.00000000, 0.98006140, 1.01480600
 -7 Performance: 0.00000000, 0.00000000, 0.97979180, 1.00990700
 -6 Performance: 0.00000000, 0.00000000, 0.97700300, 1.00609100
 -5 Performance: 0.00000000, 0.00000000, 0.97170540, 1.00405500
 -4 Performance: 0.00000000, 0.00000000, 0.97126470, 1.00063400
 -3 Performance: 0.00000000, 0.00000000, 0.96959230, 0.99662660
 -2 Performance: 0.00000000, 0.00000000, 0.96733620, 0.99228270
 -1 Performance: 0.00000000, 0.00000000, 0.96483340, 0.99047060
  0 Performance: 0.00000000, 0.00000000, 0.96219640, 0.98883470
  1 Performance: 0.00000000, 0.00000000, 0.96409180, 0.98679540
  2 Performance: 0.00000000, 0.00000000, 0.96109650, 0.98740510
  3 Performance: 0.00000000, 0.00000000, 0.96290020, 0.98496540
  4 Performance: 0.00000000, 0.00000000, 0.96494940, 0.98582950
  5 Performance: 0.00000000, 0.00000000, 0.96200020, 0.98341330
  6 Performance: 0.00000000, 0.00000000, 0.96346940, 0.98393320
  7 Performance: 0.00000000, 0.00000000, 0.96421500, 0.98483030
  8 Performance: 0.00000000, 0.00000000, 0.96514390, 0.98903480
  9 Performance: 0.00000000, 0.00000000, 0.96649070, 0.98822490

Time: 72000
Collisions: 240258, Walls: 633, Out of Bounds: 0

Scene: Gauntlet
Method: DevRules
Congestion: High

-10 Performance: 0.90172240, 0.98713220, 0.00000000, 0.00000000
 -9 Performance: 0.89195190, 0.98671110, 0.00000000, 0.00000000
 -8 Performance: 0.87347720, 0.98390870, 0.00000000, 0.00000000
 -7 Performance: 0.85114940, 0.98228790, 0.00000000, 0.00000000
 -6 Performance: 0.82551350, 0.97760800, 0.00000000, 0.00000000
 -5 Performance: 0.79428680, 0.97471210, 0.00000000, 0.00000000
 -4 Performance: 0.76586160, 0.97209420, 0.00000000, 0.00000000
 -3 Performance: 0.74615220, 0.97142800, 0.00000000, 0.00000000
 -2 Performance: 0.72930000, 0.96919860, 0.00000000, 0.00000000
 -1 Performance: 0.72151200, 0.97020620, 0.00000000, 0.00000000
  0 Performance: 0.71731250, 0.96997890, 0.00000000, 0.00000000
  1 Performance: 0.72640220, 0.97019030, 0.00000000, 0.00000000
  2 Performance: 0.73853240, 0.97212100, 0.00000000, 0.00000000
  3 Performance: 0.76025000, 0.97237120, 0.00000000, 0.00000000
  4 Performance: 0.78154850, 0.97491080, 0.00000000, 0.00000000
  5 Performance: 0.81258150, 0.97802480, 0.00000000, 0.00000000
  6 Performance: 0.83654950, 0.98233220, 0.00000000, 0.00000000
  7 Performance: 0.86585280, 0.98421010, 0.00000000, 0.00000000
  8 Performance: 0.88315340, 0.98672200, 0.00000000, 0.00000000
  9 Performance: 0.90127660, 0.98725950, 0.00000000, 0.00000000

Time: 72000.02
Collisions: 22674, Walls: 8, Out of Bounds: 0

Scene: Gauntlet
Method: Gradient
Congestion: High

-10 Performance: 0.99672490, 0.99966530, 0.00000000, 0.00000000
 -9 Performance: 0.99627850, 0.99870840, 0.00000000, 0.00000000
 -8 Performance: 0.99571970, 0.99792480, 0.00000000, 0.00000000
 -7 Performance: 0.99479520, 0.99729850, 0.00000000, 0.00000000
 -6 Performance: 0.99409590, 0.99689020, 0.00000000, 0.00000000
 -5 Performance: 0.99379730, 0.99667980, 0.00000000, 0.00000000
 -4 Performance: 0.99338470, 0.99644880, 0.00000000, 0.00000000
 -3 Performance: 0.99326760, 0.99637660, 0.00000000, 0.00000000
 -2 Performance: 0.99313170, 0.99633330, 0.00000000, 0.00000000
 -1 Performance: 0.99299940, 0.99627110, 0.00000000, 0.00000000
  0 Performance: 0.99290350, 0.99623270, 0.00000000, 0.00000000
  1 Performance: 0.99303980, 0.99629740, 0.00000000, 0.00000000
  2 Performance: 0.99336650, 0.99642840, 0.00000000, 0.00000000
  3 Performance: 0.99335830, 0.99641450, 0.00000000, 0.00000000
  4 Performance: 0.99372370, 0.99665120, 0.00000000, 0.00000000
  5 Performance: 0.99420410, 0.99698650, 0.00000000, 0.00000000
  6 Performance: 0.99490340, 0.99724470, 0.00000000, 0.00000000
  7 Performance: 0.99553720, 0.99778830, 0.00000000, 0.00000000
  8 Performance: 0.99626740, 0.99866050, 0.00000000, 0.00000000
  9 Performance: 0.99655250, 0.99967030, 0.00000000, 0.00000000
